# 02/03/2012 23:00:00
Soleil 1.9891e30 0.00465247263 0 0 0 0 0 0 255 255 0
Mercure 3.302e23 1.63083872e-5 0.0430539113994 0.2705402097897 0.1400537055981 -0.0334988994278 0.0031881496948 0.0051761918131 240 240 100
Venus 4.8685e24 4.04537843e-5 -0.1515314552327 0.6373909900284 0.2963681263263 -0.0198399237191 -0.0044456307006 -0.0007447356439 100 0 0
Lune 7.3477e22 1.16138016e-5 -0.9461696749698 0.2743783605460 0.1188462210257 -0.0059860582285 -0.0151717439505 -0.0066252890706 200 200 200
Terre 5.9736e24 4.26352124e-5 -0.9459911362602 0.2719353384658 0.1178923523387 -0.0054172422096 -0.0151215922821 -0.0065548855384 10 100 200
Mars 6.4185e23 2.27021947e-5 -1.5920996017913 0.4242452800035 0.2375890262932 -0.0035433333583 -0.0111217032591 -0.0050055209561 220 80 50
Jupiter 1.8986e27 0.000477894502 3.4267387266367 3.3556939168495 1.3549166173071 -0.0055749459078 0.0050547894797 0.0023023589577 140 90 80
Saturne 5.6846e26 0.000402866696 -8.8208813937223 -3.8711845177836 -1.2190835243249 0.0020155183194 -0.0046651721770 -0.0020137217582 255 255 130
Uranus 8.6810e25 0.000170851362 20.0202390085409 1.4209078560921 0.3392081526902 -0.0003151495399 0.0034276359196 0.0015056974323 100 255 100
Netpune 1.0243e26 0.000165537115 26.1122553483927 -13.4307907723313 -6.1472702313096 0.0015199947804 0.0025640877004 0.0010117328082 100 100 255
Pluton 1.314e22 7.70732894e-6 4.1482234719797 -30.0944906660086 -10.6403298324741 0.0031670165928 0.0001613327787 -0.0009047366041 122 125 102